The vibe-coded pass, and what it does not do
=============================================

Recorded 2026-09-28 on the reference machine, at commit 20fc112.
Every line below is output from the command above it.

The prompt, in full:
  "Write a Go program that takes two screenshots and prints the areas that changed as JSON."

--- 1. The document the pass emits ---
$ go run ./vibe corpus/real/000.png corpus/real/001.png
{"regions":[{"bounds":{"x":174,"y":84,"w":9,"h":10},"class":"changed"},{"bounds":{"x":184,"y":84,"w":12,"h":10},"class":"changed"},{"bounds":{"x":206,"y":84,"w":8,"h":10},"class":"changed"}]}

--- 2. The document the engine emits for the same pair ---
$ ./bin/screendelta diff --previous corpus/real/000.png --current corpus/real/001.png
{"schemaVersion":"1.0","frame":{"sequence":2,"width":1280,"height":720,"scaleFactor":1},"fingerprint":{"algorithm":"grid-luma-1","gridSize":32,"cells":[144,152,157,136,134,139,127,152,108,101,101,101, ... (the fingerprint's 496 cells elided, and the three regions follow)
"regions":[{"identity":1,"class":"changed","bounds":{"x":0.134375,"y":0.11388888888888889,"w":0.02734375,"h":0.019444444444444445},"magnitude":0.43284111998708946,"areaPixels":490,"identityConfidence":1,"identityUncertain":false},{"identity":2,"class":"changed","bounds":{"x":0.159375,"y":0.11388888888888889,"w":0.009375,"h":0.019444444444444445},"magnitude":0.5384168482207699,"areaPixels":168,"identityConfidence":1," ...

--- 3. Both against the published schema ---
the vibe pass: missing top-level ['schemaVersion', 'frame', 'fingerprint', 'conditions']
               missing per region ['areaPixels', 'identity', 'identityConfidence', 'identityUncertain', 'magnitude']
the engine: missing top-level none
            missing per region none

--- 4. Two identical frames ---
$ go run ./vibe /tmp/same.png /tmp/same.png
{"regions":null}
$ ./bin/screendelta diff --previous /tmp/same.png --current /tmp/same.png
{"schemaVersion":"1.0","frame":{"sequence":2,"width":1280,"height":720,"scaleFactor":1},"fingerprint":{"algorithm":"grid-luma-1","gridSize":32,"cells":[144,152,157,136,134,139,127,152,108,101,101,101,101,101,101,101,101,101,101,101,101,101,101,101,101,101,101,101,101,101,101,101,119,133,133,133,133,133,133,133,133,133,133,133,133,133,133,116,66,66,66,66,66,66,66,66,66,66,66,66,66,66,66,66,173,187,204,204,171,206,216,213,204,204,204,204,204,204,204,168,62,62,62,62,62,62,62,62,62,62,62,62,62,62,62,62,170,192,204,204,194,224,224,219,204,204,204,204,204,204,204,168,62,62,62,62,62,62,62,62,62,62,62,62,62,62,62,62,170,192,204,204,194,224,224,219,204,204,204,204,204,204,204,168,62,62,62,62,62,62,62,62,62,62,62,62,62,62,62,62,158,196,171,204,144,192,193,213,204,204,204,204,204,204,204,168,62,62,62,62,62,62,62,62,62,62,62,62,62,62,62,62,180,204,204,204,204,204,204,204,204,204,204,204,207,202,180,177,62,62,62,62,62,62,62,62,62,62,62,62,62,62,62,62,172,192,192,192,192,192,192,192,192,192,192,192,192,196,183,158,62,62,62,62,62,62,62,62,62,62,62,62,62,62,62,62,86,106,137,129,114,129,137,106,108,137,137,137,137,137,137,137,137,137,137,137,137,137,118,62,62,62,62,62,62,62,62,62,120,172,205,202,170,200,205,179,173,205,205,205,205,205,205,205,205,205,205,205,205,205,169,62,62,62,62,62,62,62,62,62,103,217,233,212,179,233,233,207,131,224,233,233,233,233,233,233,233,233,233,233,233,233,190,62,62,62,62,62,62,62,62,62,116,179,200,191,191,200,200,163,180,192,200,200,200,200,200,200,200,200,200,200,200,200,165,62,62,62,62,62,62,62,62,62,62,62,62,62,62,62,62,62,62,62,62,62,62,62,62,62,62,62,62,62,62,62,62,62,62,62,62,62,62,62,62,62,62,62,62,62,62,62,62,62,62,62,62,62,62,62,62,62,62,62,62,62,62,62,62,62,62,62,62,62,62,62,62,62,62,62,62,62,62,62,62,62,62,62,62,62,62,62,62,62,62,62,62,62,62,62,62,62,62,62,62,62,62,62,62,62,62,62,62,62,62,62,62,62,62,62,62,62,62,62,62,62,62,62,62,62,62,62,62,62,62,62,62,62,62,62,62,62,62,62,62,62,62,62,62,62,62,62,62,62,62,62,62,62,62,62,62,62,62,62,62,62,62,62,62,62,62,62,62,62,62,62,62,62,62,62,62,62,62,62,62,62,62,62,62,62,62,62,62,62,62,62,62,62,62,62,62,62,62,62,62,62,62,62,62,62,62,62,62,62,62,62,62,62,62,62,62,62,62,62,62,62,62,62,62,62,62,62,62,62,62,62,62,62,62,62,62,62,62,62,62,62,62,62,62,62,62,62,62,62,62,62,62,62,62,62,62,62,62,62,62,62,62,62,62,62,62,62,62,62,62,62,62,62,62,62,62,62,62,62,62,62,62,62,62,62,62,62,62,62,62,62,62,62,62,62,62,62,62,62,62,62,62,62,62,62,62,62,62,62,62,62,62,62,62,62,62,62,62,62,62,62,62,62,62,62,62,62,62,62,62,62,62,62,62,62,62,62,62,62,62,62,62,62,62,62,62,62,62,62,62,62,62,62,62,62,62,62,62,62,62,62,62,62,62,62,62,62,62,62,62,62,62,62,62,62,62,62,62,62,62,62,62,62,62,62,62,62,62,62,62,62,62,62,62,62,62,62,62,62,62,62,62,62,62,62,62,62,62,62,62,62,62,62,62,62,62,62,62,62,62,62,62,62,62,62,62,62,62,62,62,62,62,62,62,62,62,62,62,62,62,62,62,62,62,62,62,62,62,62,62,62,62,62,62,62,62,62,62,62,62,62,62,62,62,62,62,62,62,62,62,62,62,62,62,62,62,62,62,62,62,62,62,62,62,62,62,62,62,62,62,62,62,62,62,62,62,62,62,62,62,62,62,62,62,62,62,62,62,62,62,62,62,62,62,62,62,62,62,62,62,62,62,62,62,62,62,62,62,62,62,62,62,62,62,62,62,62,62,62,62,62,62,62,62,62,62,62,62,62,62,62,62,62,62,62,62,62,62,62,62,62,62,62,62,62,62,62,62,62,62,62,62,62,62,62,62,62,62,62,62,62,62,62,62,62,62,62,62,62,62,62,62,62,62,62,62,62,62,62,62,62,62,62,62,62,62,62,62,62,62,62,62,62,62,62,62,62,188,191,213,213,213,213,213,213,213,213,213,213,213,213,213,213,213,213,213,213,213,213,213,213,213,213,213,213,213,213,192,191],"strictHash":"9f245f5e7382e16b7b260b17fd6cd99de3b39fdbb27d456a1bf9e5c1e6b79080"},"regions":[],"conditions":[]}

--- 5. Region counts on the seven consecutive real pairs ---
  pair   engine  vibe
  0->1         3     3
  1->2         6     7
  2->3         4     4
  3->4         4     4
  4->5         5     5
  5->6         8     8
  6->7        10    12
  pairs where the count differs: 2 of 7

--- 6. Size ---
  the vibe pass            148 lines
  the comparison stage     1229 lines
  the whole engine         5784 lines
  its tests                6884 lines

--- 7. Time per pair, including process start, five runs each ---
  vibe: 68 to 76 ms
  engine: 34 to 37 ms

--- 8. Determinism ---
  the two runs are byte-identical, because the loop ranges over a slice; nothing in the pass guarantees it
